# 03_cuda

# FLOCKS    MEAN_TIME per frame # pour 100 boids

10 0.0140528
20 0.0199663
30 0.0211446
40 0.0192175
50 0.0237479
60 0.0234069
70 0.0245004
80 0.0268582
90 0.0231723
100 0.0251165
110 0.0316408
120 0.0257049
130 0.028589
140 0.0242403
150 0.0302451
160 0.0363879
170 0.0378137
180 0.031634
190 0.0386782
200 0.0377637

# FLOCKS 1000 boids - 1 thread par boid

10 0.254727
20 0.430249
30 0.464436
40 0.480437
50 0.548562
60 0.537797
70 1.10144
80 0.531249
90 0.610822
100 0.570835
110 0.504793
120 0.491207
130 0.530882

# BOIDS  MEAN_TIME  50 FLOCKS

50 0.0245062
100 0.0425912
150 0.0583696
200 0.0822379

#### NOUVELLE IMPLEMENTATION

# Size of block  -- TIME
# 10 flocks - 1000 boids
1       6.7882
2       1.68815
4       0.417779
8       0.0961023
16      0.016995
32      0.00964513
64      0.0104272
128     0.00971496
256     0.00864454
512     0.0115055
1000    0.0110368


# FLOCKS    MEAN_TIME per frame # pour 100 boids - block size 32

10 0.0160428
20 0.0122204
30 0.0150123
40 0.0183709
50 0.0136031
60 0.013548
70 0.0152296
80 0.0163065
90 0.0210158
100 0.0200207
110 0.0166118
120 0.0171061
130 0.0191702
140 0.0182903
150 0.0151692
160 0.0151995
170 0.023055
180 0.0155392
190 0.0174456
200 0.0175282

# FLOCKS    MEAN_TIME per frame # pour 1000 boids - block size 32
10 0.010501
20 0.00797223
30 0.0105198
40 0.00661584
50 0.00437343
60 0.00437194
70 0.00437363
80 0.00476163
90 0.00362281
100 0.00390958
110 0.00446539
120 0.00457962
130 0.00492073
140 0.00506284
150 0.00587726
160 0.00616799
170 0.00617381
180 0.0070069
190 0.00679464
200 0.00735683
10 0.430429
10 0.422256
10 0.111439
20 0.0277782
30 0.0210656
40 0.0289409
50 0.02365
60 0.0276991
10 0.0513611
20 0.0253588
30 0.025926
